00000       00000000000000000000000000000000
00001       13611524433775836950417467053461
00010       79973284883150760649072837027087
00011       05377314311347992492907512270476
00100       92849223082605523371744638514514
00101       72451786632072959559837942191571
00110       18335015675074921178507504501186
00111       89790461970027892807695125293996
01000       39864921619334193775306551177189
01001       67687231976244965225004293713018
01010       80599636765227575746321048491506
01011       86140468390606467849685572065269
01100       63691961701555394783601142800928
01101       04718063244672835299596708380155
01110       16511374067428169040749382668635
01111       35092634289401357537850825437804
10000       15921457640252193219069232924025
10001       81224485450438924832016782620336
10010       16800056544985281783873607221765
10011       21451024137751577618215541918880
10100       00585891593766739946695111109639
10101       31589963791019082633831284122032
10110       37522464958486646170677837106967
10111       65236354071212970075903914976328
11000       32810254424618413940551691720347
11001       46292454290321190190006319571347
11010       79538517062822248908176165331548
11011       72803774762670489415151707983235
11100       79741267401279764652032377991418
11101       35449227524757554142513680164450
11110       69008951967039259502492143767651
11111       79716587513478574794036634962094